ID  Lat Lon EGM96_h
1001  -9.939  -66.650 22.57
1002  -9.775  -65.968 20.26
1003  -9.771  -65.961 20.22
1004  -9.803  -65.968 20.38
1005  43.757  -0.776  48.72
1006  1.291 -73.444 22.04
1007  1.011 -72.919 20.77
1008  -1.310  16.250  -4.47
1009  -1.045  15.373  -1.94
1010  -3.161  -59.465 -13.08
1011  -1.975  -53.856 -21.60
1012  -3.338  -58.774 -14.03
1013  -3.860  -61.685 -5.93
1014  -2.571  -56.897 -15.57
1015  -3.254  -59.068 -13.89
1016  -1.438  -52.043 -23.90
1017  -2.265  -54.048 -20.92
1018  -1.950  -53.841 -21.65
1019  -2.391  -54.266 -20.58
1020  -2.488  -56.508 -16.19
1021  -2.083  -54.020 -21.43
1022  -1.907  -55.596 -21.12
1023  -1.946  -55.487 -21.43
1024  -2.533  -57.171 -15.48
1025  -1.537  -52.341 -23.43
1026  -2.611  -56.778 -15.71
1027  -3.331  -58.784 -14.05
1028  -2.953  -58.140 -15.19
1029  -1.974  -54.970 -22.48
1030  -3.125  -59.539 -12.94
1031  -1.830  -53.424 -22.01
1032  -2.343  -54.116 -20.70
1033  -1.741  -53.377 -22.21
1034  -2.146  -54.930 -21.75
1035  -2.405  -54.668 -20.59
1036  -2.368  -56.416 -16.34
1037  -2.123  -56.167 -17.49
1038  -2.798  -57.948 -15.26
1039  -2.407  -57.542 -15.97
1040  -3.577  -73.126 21.18
1041  -3.459  -72.127 20.37
1042  -4.029  -70.129 18.47
1043  -4.181  -73.259 21.19
1044  -3.809  -70.386 18.87
1045  -3.502  -72.475 20.39
1046  -3.460  -71.747 20.26
1047  -3.928  -70.859 19.95
1048  -4.137  -73.333 21.19
1049  -3.693  -73.235 21.42
1050  -3.876  -71.459 20.56
1051  -3.551  -72.380 20.48
1052  -3.877  -70.524 19.22
1053  -3.999  -71.147 20.46
1054  -3.982  -73.181 21.41
1055  -4.042  -70.116 18.46
1056  -3.514  -72.477 20.41
1057  -3.759  -71.615 20.56
1058  -3.553  -73.098 21.10
1059  37.357  66.820  -40.88
1060  39.078  63.687  -35.14
1061  38.404  64.340  -36.71
1062  37.655  65.560  -38.18
1063  40.489  70.426  -46.72
1064  36.967  68.123  -43.77
1065  36.991  67.962  -43.40
1066  44.316  66.281  -38.43
1067  40.598  62.110  -32.22
1068  37.268  67.510  -43.95
1069  43.015  67.967  -42.33
1070  39.065  63.705  -35.17
1071  39.803  62.565  -33.34
1072  -3.198  -57.111 -14.34
1073  -1.081  -69.786 13.99
1074  -0.944  -70.079 14.24
1075  0.004 -70.984 16.95
1076  0.791 -72.249 20.34
1077  -0.827  -70.264 14.53
1078  -0.493  -70.376 14.92
1079  -0.007  -71.003 16.96
1080  7.612 -70.252 -7.51
1081  39.971  44.474  21.12
1082  39.276  47.109  11.50
1083  38.924  45.785  18.64
1084  40.024  43.992  22.48
1085  38.898  46.512  16.35
1086  39.893  48.224  1.89
1087  39.608  44.847  20.47
1088  38.890  46.463  16.58
1089  40.145  43.234  25.45
1090  39.958  41.859  27.35
1091  40.020  43.953  22.59
1092  -5.418  -60.407 -6.77
1093  -7.740  -60.478 -0.71
1094  -6.840  -60.511 -2.91
1095  -8.350  -59.895 -0.80
1096  -6.201  -60.297 -5.00
1097  -8.359  -59.818 -0.99
1098  -10.336 -59.375 1.46
1099  -9.166  -59.359 -0.99
1100  -9.221  -59.371 -0.84
1101  -9.267  -59.382 -0.70
1102  -9.287  -59.386 -0.65
1103  -9.404  -59.412 -0.30
1104  -9.467  -59.426 -0.11
1105  -9.503  -59.434 0.00
1106  -9.623  -59.461 0.35
1107  1.700 26.829  -13.48
1108  1.858 26.395  -13.43
1109  1.335 24.330  -18.17
1110  1.330 24.315  -18.19
1111  1.649 27.053  -13.57
1112  1.292 23.849  -18.38
1113  1.542 25.297  -16.36
1114  1.257 23.723  -18.41
1115  1.295 24.650  -17.89
1116  1.730 25.488  -15.49
1117  16.591  35.216  2.02
1118  16.442  35.251  1.70
1119  16.601  35.206  2.04
1120  17.300  34.480  2.82
1121  16.562  35.241  1.95
1122  17.679  34.024  3.84
1123  -4.494  -60.201 -5.92
1124  -4.436  -60.112 -6.15
1125  -3.575  -51.652 -22.23
1126  -5.715  -51.406 -21.90
1127  -3.882  -51.468 -22.17
1128  -4.431  -51.347 -22.27
1129  -4.472  -51.338 -22.28
1130  11.240  -6.550  28.56
1131  11.253  -6.564  28.56
1132  9.026 19.186  0.31
1133  9.162 20.450  -1.10
1134  9.145 20.095  -0.90
1135  6.908 -5.585  29.37
1136  9.293 31.701  -8.63
1137  9.093 32.336  -9.38
1138  13.205  -5.805  28.29
1139  13.944  -4.376  28.86
1140  11.366  -7.525  29.78
1141  11.281  -7.631  30.03
1142  12.518  -6.853  29.05
1143  8.199 34.842  -9.58
1144  8.438 33.378  -11.74
1145  8.449 33.342  -11.70
1146  8.181 34.256  -10.99
1147  8.180 34.338  -10.95
1148  -11.344 -66.333 26.83
1149  -13.322 -67.321 31.20
1150  -11.875 -66.932 29.31
1151  -11.944 -66.916 29.58
1152  -12.024 -66.898 29.90
1153  -12.058 -66.891 30.04
1154  -12.113 -66.878 30.27
1155  -11.832 -66.867 29.17
1156  -14.898 -67.679 29.22
1157  -11.314 -66.308 26.61
1158  -15.582 -67.284 30.85
1159  8.002 7.749 22.73
1160  7.946 7.086 23.55
1161  8.020 7.257 23.74
1162  9.435 11.614  18.46
1163  8.686 10.340  20.34
1164  9.307 13.003  15.97
1165  9.233 12.545  16.92
1166  9.246 12.591  16.83
1167  9.330 12.937  16.09
1168  9.343 13.505  14.93
1169  7.944 8.021 21.94
1170  7.860 8.228 21.46
1171  7.830 8.930 21.05
1172  7.905 9.153 21.00
1173  8.328 9.977 20.49
1174  8.340 9.990 20.49
1175  9.152 11.097  19.01
1176  8.759 10.831  19.42
1177  9.485 12.108  17.27
1178  -3.896  -67.552 10.79
1179  4.234 23.089  -10.32
1180  3.302 27.402  -11.30
1181  3.431 26.416  -11.01
1182  3.013 28.211  -11.49
1183  2.831 28.797  -11.39
1184  3.290 26.712  -11.20
1185  3.279 26.617  -11.18
1186  3.313 27.467  -11.29
1187  3.331 27.564  -11.28
1188  2.792 28.978  -11.00
1189  3.313 27.426  -11.29
1190  3.005 28.117  -11.52
1191  3.299 26.745  -11.20
1192  15.225  33.058  0.64
1193  13.261  33.901  -3.24
1194  12.415  34.280  -4.71
1195  15.520  32.661  1.63
1196  12.398  34.317  -4.77
1197  12.269  34.347  -4.88
1198  11.491  34.524  -4.57
1199  10.046  35.787  -5.46
1200  1.408 21.470  -17.98
1201  1.308 21.842  -18.64
1202  1.389 21.523  -18.10
1203  5.259 25.741  -11.41
1204  4.724 22.804  -8.97
1205  4.718 23.120  -9.60
1206  4.457 22.689  -9.46
1207  5.154 26.301  -11.75
1208  5.115 26.427  -11.77
1209  4.693 23.529  -9.87
1210  4.661 23.452  -9.93
1211  4.900 24.784  -9.70
1212  5.380 25.533  -11.23
1213  26.180  90.833  -48.86
1214  24.845  89.615  -54.84
1215  25.161  89.695  -54.00
1216  26.775  93.480  -55.26
1217  26.758  93.487  -55.43
1218  26.231  91.029  -48.80
1219  26.205  91.040  -48.83
1220  26.718  93.630  -56.30
1221  -0.802  -61.852 -7.78
1222  -0.760  -61.862 -7.81
1223  1.444 -61.263 -10.61
1224  1.091 -61.337 -10.28
1225  1.118 -61.342 -10.27
1226  -1.030  -61.871 -7.58
1227  -0.438  -61.805 -8.13
1228  2.668 -60.752 -14.10
1229  2.594 -60.797 -13.75
1230  0.343 -61.739 -8.85
1231  -10.477 -61.090 9.43
1232  -10.648 -61.129 10.22
1233  -10.706 -61.142 10.50
1234  -10.770 -61.156 10.81
1235  -10.961 -61.199 11.84
1236  -10.084 -60.869 6.93
1237  -10.101 -60.865 6.97
1238  -10.175 -60.849 7.15
1239  1.634 -57.711 -21.99
1240  1.629 -57.693 -22.04
1241  1.052 -57.102 -22.83
1242  -10.443 -59.351 1.71
1243  7.772 -70.194 -8.02
1244  -1.338  -73.435 19.35
1245  3.059 -65.929 -6.45
1246  2.006 -66.952 -0.36
1247  2.401 -66.503 -3.11
1248  2.810 -66.057 -5.65
1249  9.381 18.171  3.99
1250  10.776  15.953  11.12
1251  11.433  15.354  12.28
1252  10.763  16.137  10.74
1253  10.572  17.029  8.97
1254  10.781  15.984  11.07
1255  9.744 17.777  5.52
1256  10.590  16.963  9.11
1257  28.688  80.263  -59.63
1258  26.434  96.600  -48.39
1259  26.618  96.512  -48.43
1260  26.717  96.464  -48.38
1261  22.881  94.533  -51.62
1262  26.291  96.097  -49.13
1263  5.535 24.313  -7.87
1264  9.221 -4.030  27.00
1265  9.058 -3.885  26.96
1266  9.102 -3.875  26.95
1267  7.005 -3.736  27.69
1268  7.928 -3.943  27.31
1269  7.973 -3.953  27.30
1270  8.107 -3.983  27.26
1271  8.175 -3.999  27.23
1272  8.307 -4.028  27.18
1273  9.601 -4.320  27.20
1274  6.367 -3.553  27.57
1275  -6.034  12.722  8.38
1276  -2.262  16.181  -3.54
1277  -6.032  12.788  8.18
1278  1.421 23.400  -17.80
1279  0.609 24.716  -18.85
1280  -1.945  16.367  -4.53
1281  -1.279  25.761  -19.24
1282  2.064 21.236  -16.66
1283  -0.915  17.387  -10.33
1284  1.890 19.843  -14.10
1285  1.227 23.574  -18.41
1286  -4.954  14.149  2.82
1287  -1.014  17.250  -9.34
1288  1.364 23.445  -17.99
1289  -4.145  15.414  -0.35
1290  -4.301  15.449  -0.56
1291  -3.154  25.927  -18.01
1292  0.721 24.549  -18.95
1293  0.874 24.214  -19.03
1294  2.066 21.285  -16.83
1295  2.093 21.300  -16.86
1296  -4.054  15.550  -0.65
1297  2.182 21.926  -17.29
1298  -1.370  16.791  -6.50
1299  -6.070  12.466  9.46
1300  1.986 20.757  -15.23
1301  2.194 22.190  -16.59
1302  -4.948  14.155  2.80
1303  1.103 23.781  -18.71
1304  1.105 23.776  -18.71
1305  1.257 18.683  -11.07
1306  2.008 20.528  -14.77
1307  0.540 25.075  -18.41
1308  -2.715  16.187  -3.36
1309  2.004 20.711  -15.10
1310  2.132 21.659  -17.59
1311  -5.926  12.934  7.22
1312  1.594 19.182  -12.29
1313  1.881 19.761  -13.91
1314  -1.131  25.640  -19.10
1315  1.596 19.184  -12.30
1316  -1.325  16.815  -6.61
1317  2.126 22.596  -15.87
1318  -0.075  18.112  -11.69
1319  1.984 20.719  -15.15
1320  -1.042  17.167  -8.77
1321  -3.666  26.013  -17.60
1322  0.356 25.379  -18.12
1323  -0.687  17.608  -11.61
1324  -1.179  16.917  -7.16
1325  1.118 23.754  -18.68
1326  0.750 24.397  -19.09
1327  -5.904  13.359  6.29
1328  2.133 21.687  -17.60
1329  0.990 24.081  -18.89
1330  -5.888  13.153  6.57
1331  -3.653  16.023  -2.69
1332  -4.615  26.737  -16.52
1333  0.424 18.297  -12.42
1334  2.001 22.685  -16.12
1335  -5.866  13.230  6.32
1336  0.581 24.808  -18.75
1337  1.918 22.848  -16.20
1338  2.115 22.618  -15.87
1339  2.061 21.234  -16.66
1340  1.468 19.001  -11.85
1341  2.112 21.453  -17.30
1342  -5.649  13.591  4.85
1343  1.885 19.836  -14.09
1344  1.133 18.565  -10.97
1345  -0.178  18.076  -11.60
1346  11.930  -14.199 30.09
1347  12.059  -13.294 30.39
1348  12.257  -13.669 30.41
1349  11.645  -14.519 29.82
1350  12.274  -13.441 30.57
1351  -0.666  16.392  -4.67
1352  -0.742  16.515  -5.04
1353  -0.651  16.083  -4.11
1354  -0.409  15.677  -2.88
1355  -0.423  15.511  -2.35
1356  -7.006  -56.722 -13.21
1357  -7.152  -56.754 -12.83
1358  -7.172  -56.759 -12.78
1359  -5.866  -57.188 -13.29
1360  -5.976  -56.754 -14.21
1361  -6.110  -56.725 -14.35
1362  -17.133 22.695  10.56
1363  -17.093 22.648  10.59
1364  -15.565 21.448  10.55
1365  -17.982 24.619  8.91
1366  -9.519  14.069  16.58
1367  -9.533  14.278  16.35
1368  -10.325 16.818  14.32
1369  -10.253 16.938  13.83
1370  -9.797  16.225  14.89
1371  -9.520  13.967  16.70
1372  -3.574  -64.046 -1.55
1373  -5.965  16.150  3.10
1374  -14.551 15.138  22.61
1375  -16.984 14.751  22.69
1376  -14.557 15.119  22.65
1377  -6.308  -54.525 -19.85
1378  -7.845  -54.902 -16.89
1379  -7.882  -54.894 -16.82
1380  -6.094  -72.328 21.71
1381  -5.234  -72.008 21.53
1382  -4.578  -71.434 21.06
1383  -6.277  -72.496 21.18
1384  44.746  20.648  43.27
1385  44.793  20.630  43.26
1386  45.203  27.956  32.20
1387  44.203  22.712  40.56
1388  44.549  22.584  41.00
1389  43.777  23.803  40.12
1390  43.685  25.104  38.79
1391  43.700  24.767  39.26
1392  43.981  26.147  36.77
1393  43.691  25.705  38.16
1394  44.138  27.140  35.45
1395  46.659  18.969  44.14
1396  44.048  26.510  36.04
1397  -6.322  -70.942 23.73
1398  -11.470 -70.655 27.47
1399  -11.487 -70.613 27.51
1400  -11.950 -70.045 27.46
1401  -11.180 -71.308 26.45
1402  -12.062 -69.764 27.88
1403  -11.141 -71.409 26.33
1404  -12.185 -69.380 28.15
1405  8.264 9.354 20.84
1406  8.484 9.023 20.82
1407  1.953 15.581  -0.51
1408  2.848 14.020  5.33
1409  1.940 15.611  -0.52
1410  2.011 15.141  -0.09
1411  2.349 14.255  3.71
1412  2.009 15.114  -0.03
1413  2.005 14.963  0.42
1414  1.765 15.996  -0.94
1415  1.294 13.429  6.11
1416  0.776 12.971  6.52
1417  0.861 12.990  6.51
1418  1.063 13.550  5.54
1419  5.378 13.458  12.98
1420  5.518 13.089  13.80
1421  -4.217  15.031  0.70
1422  8.319 9.995 20.47
1423  8.179 10.026  20.29
1424  7.985 10.070  20.05
1425  7.631 10.149  19.90
1426  7.484 10.182  19.88
1427  44.830  0.144 47.34
1428  -24.036 31.554  12.08
1429  -24.082 32.477  11.07
1430  -24.054 31.433  11.79
1431  -3.476  27.577  -15.64
1432  -3.508  27.805  -15.13
1433  -2.856  26.193  -17.84
1434  -3.053  27.084  -16.28
1435  -3.042  26.546  -17.07
1436  13.296  0.820 23.85
1437  13.016  -11.401 30.92
1438  13.138  -11.500 30.81
1439  13.415  -11.734 30.49
1440  9.075 12.950  16.47
1441  -6.854  140.914 73.24
1442  -7.223  -51.448 -20.99
1443  -7.965  -51.282 -19.99
1444  -7.012  -51.693 -21.05
1445  -7.762  -51.142 -20.44
1446  -7.833  -51.158 -20.31
1447  -8.767  -51.366 -17.92
1448  10.965  7.768 22.30
1449  11.149  7.809 21.96
1450  13.557  -14.572 31.08
1451  13.354  -14.252 31.19
1452  13.492  -15.492 31.11
1453  25.579  85.488  -63.56
1454  24.382  88.385  -56.19
1455  23.935  89.257  -55.56
1456  29.541  78.054  -52.68
1457  27.206  79.766  -62.71
1458  25.621  84.041  -64.98
1459  25.288  87.177  -59.60
1460  25.163  82.720  -62.00
1461  25.516  85.798  -62.81
1462  26.012  81.066  -62.51
1463  25.740  84.417  -65.02
1464  23.823  89.524  -55.70
1465  27.732  79.184  -60.82
1466  27.770  79.174  -60.73
1467  25.115  82.821  -61.93
1468  25.269  87.723  -57.58
1469  25.299  87.716  -57.67
1470  23.425  90.302  -55.41
1471  25.617  81.512  -62.07
1472  25.336  86.269  -61.76
1473  24.076  89.027  -55.60
1474  26.549  80.313  -63.40
1475  25.545  81.641  -62.04
1476  25.592  81.629  -62.15
1477  25.705  84.738  -64.66
1478  25.063  87.838  -56.82
1479  27.731  79.183  -60.81
1480  25.479  83.359  -64.31
1481  25.408  86.488  -61.85
1482  28.972  78.074  -54.90
1483  25.327  81.960  -61.66
1484  25.666  85.116  -64.34
1485  26.709  80.169  -63.39
1486  25.615  83.666  -64.98
1487  24.335  88.679  -56.02
1488  22.635  90.824  -55.12
1489  25.306  82.150  -61.83
1490  25.315  86.994  -60.28
1491  23.875  89.694  -55.69
1492  23.796  89.674  -55.73
1493  44.581  -0.074  47.55
1494  44.281  0.333 48.38
1495  44.295  0.321 48.34
1496  44.445  0.191 47.94
1497  44.462  0.177 47.90
1498  44.499  0.145 47.80
1499  44.423  0.214 48.00
1500  45.598  -1.088  47.28
1501  4.318 41.939  -29.67
1502  4.437 41.835  -29.26
1503  25.829  84.541  -65.10
1504  25.850  84.551  -65.13
1505  26.778  82.261  -67.39
1506  0.733 17.980  -10.81
1507  1.713 18.526  -9.26
1508  0.960 18.179  -10.58
1509  1.636 18.454  -9.25
1510  1.685 18.485  -9.21
1511  14.790  0.476 22.09
1512  -17.723 -62.754 21.36
1513  -17.776 -62.767 21.26
1514  -17.884 -62.792 21.09
1515  -17.930 -62.803 21.04
1516  -16.106 -63.806 22.42
1517  -18.747 -63.185 22.37
1518  -15.875 -64.674 22.50
1519  -16.104 -63.813 22.39
1520  -17.134 -62.848 22.51
1521  -17.470 -62.769 21.95
1522  -19.043 -63.785 27.89
1523  -15.925 -64.567 21.83
1524  -15.982 -64.503 21.13
1525  2.692 -68.004 2.47
1526  2.671 -67.524 0.72
1527  2.305 -69.356 7.32
1528  2.351 -69.031 6.22
1529  2.172 -67.187 0.36
1530  2.396 -67.220 0.02
1531  2.315 -67.202 0.12
1532  2.142 -67.164 0.30
1533  2.376 -68.653 5.15
1534  2.269 -68.331 4.59
1535  2.004 -70.008 10.72
1536  1.986 -69.831 10.18
1537  -13.536 -61.784 18.35
1538  -12.089 -64.728 22.53
1539  -12.138 -64.717 22.67
1540  -12.610 -63.408 21.23
1541  -12.754 -63.042 20.56
1542  -13.544 -60.931 17.08
1543  -12.467 -64.194 22.56
1544  -12.448 -64.410 22.93
1545  -13.553 -60.944 17.11
1546  -15.002 -59.965 16.29
1547  -13.144 -62.332 18.95
1548  -13.509 -61.059 17.29
1549  -12.511 -63.913 22.13
1550  -13.120 -62.407 19.05
1551  -12.459 -63.694 21.54
1552  -11.998 -65.026 23.02
1553  -15.150 -59.716 15.64
1554  -13.533 -61.525 17.97
1555  -13.935 -60.438 16.02
1556  -12.633 -63.168 20.72
1557  3.728 -68.821 -0.30
1558  2.703 -72.532 16.18
1559  9.609 7.460 24.51
1560  9.233 6.984 25.85
1561  11.196  105.058 -12.06
1562  11.105  11.236  18.97
1563  -0.111  -75.291 19.56
1564  -2.246  -70.955 15.85
1565  -1.033  -74.037 19.64
1566  0.236 -75.963 18.46
1567  -2.900  -68.749 13.05
1568  -2.894  -68.353 11.39
1569  -2.335  -70.736 15.91
1570  0.051 -75.805 18.70
1571  -3.027  -68.183 10.96
1572  -2.699  -70.142 16.06
1573  -1.478  -73.515 19.31
1574  -2.252  -70.925 15.85
1575  -2.918  -69.645 16.06
1576  -2.300  -71.491 16.44
1577  -2.272  -71.485 16.39
1578  -2.345  -71.501 16.53
1579  -2.373  -71.202 16.18
1580  -2.403  -72.951 19.15
1581  -2.193  -71.832 16.93
1582  -2.385  -72.636 18.62
1583  -1.046  -74.090 19.60
1584  -0.489  -74.490 19.31
1585  -0.104  -75.320 19.55
1586  -3.091  -68.072 10.73
1587  0.313 -76.103 18.14
1588  0.618 -76.598 18.43
1589  0.603 -76.602 18.37
1590  -2.857  -69.458 15.59
1591  0.375 -76.140 18.07
1592  -3.005  -68.907 13.92
1593  -2.974  -68.854 13.63
1594  -2.294  -70.771 15.87
1595  -2.427  -72.836 19.01
1596  -2.463  -70.463 15.88
1597  -2.426  -72.238 17.93
1598  -2.349  -71.925 17.32
1599  -1.522  -73.476 19.22
1600  -1.616  -73.496 19.16
1601  -1.717  -73.519 19.12
1602  -1.328  -73.587 19.54
1603  -1.430  -73.565 19.42
1604  -1.661  -73.514 19.15
1605  -1.727  -73.499 19.09
1606  -0.369  -74.660 19.30
1607  0.694 -67.470 3.73
1608  0.268 18.469  -13.09
1609  0.355 19.011  -14.25
1610  0.163 18.355  -12.70
1611  0.344 19.250  -14.69
1612  43.349  83.925  -49.94
1613  44.646  76.522  -48.67
1614  44.631  76.569  -48.61
1615  44.558  76.633  -48.29
1616  43.835  78.660  -48.52
1617  43.788  80.128  -49.90
1618  44.920  75.844  -48.23
1619  43.522  83.238  -51.46
1620  43.534  83.175  -51.68
1621  43.359  83.897  -49.97
1622  43.875  79.770  -50.12
1623  43.782  81.506  -51.82
1624  -25.535 32.745  15.24
1625  -25.314 31.754  15.42
1626  27.170  68.174  -44.77
1627  27.488  68.329  -44.08
1628  27.543  68.351  -43.93
1629  28.605  70.023  -45.74
1630  2.837 -69.140 4.19
1631  -5.789  -63.297 0.17
1632  -5.841  -63.309 0.44
1633  -4.380  -53.630 -21.31
1634  -6.311  -54.060 -20.41
1635  -3.942  -53.153 -20.79
1636  -4.658  -54.452 -20.11
1637  -3.929  -53.167 -20.74
1638  -3.963  -53.175 -20.80
1639  -6.910  -53.827 -20.08
1640  -7.026  -53.852 -19.89
1641  -7.031  -53.853 -19.88
1642  -4.380  -53.514 -21.43
1643  -3.861  -52.761 -21.55
1644  -9.270  -53.865 -13.90
1645  -7.813  -53.309 -19.24
1646  -8.051  -53.362 -18.75
1647  -8.470  -53.455 -17.68
1648  -8.950  -53.562 -15.66
1649  -4.531  -54.019 -20.76
1650  -5.661  -54.268 -20.69
1651  -4.776  -54.656 -20.11
1652  -4.811  -54.664 -20.13
1653  -3.882  -52.905 -21.25
1654  -4.590  -54.186 -20.45
1655  -7.391  -53.566 -19.66
1656  -8.069  -53.415 -18.67
1657  25.092  97.231  -43.99
1658  22.926  94.489  -51.62
1659  21.910  95.823  -48.92
1660  24.939  97.148  -44.62
1661  26.288  96.087  -49.11
1662  21.920  95.743  -49.31
1663  45.048  0.337 47.66
1664  2.682 23.679  -13.49
1665  2.763 23.820  -13.14
1666  2.835 24.400  -12.28
1667  2.620 23.421  -13.84
1668  2.852 24.305  -12.36
1669  -5.131  -70.678 21.38
1670  -5.076  -70.606 21.09
1671  1.223 29.493  -11.43
1672  1.615 27.065  -13.61
1673  1.540 27.401  -13.59
1674  1.582 27.176  -13.63
1675  1.334 28.056  -13.23
1676  1.082 13.083  6.49
1677  0.251 12.422  7.92
1678  0.733 12.962  6.53
1679  0.894 12.997  6.51
1680  1.032 13.028  6.54
1681  0.357 12.702  7.24
1682  -5.291  -56.342 -16.39
1683  -5.317  -56.181 -16.85
1684  -5.833  -55.743 -17.79
1685  -5.915  -55.761 -17.67
1686  -6.169  -55.817 -17.27
1687  -8.476  -63.516 10.68
1688  -8.849  -63.301 11.32
1689  -9.192  -63.225 12.04
1690  -9.610  -63.131 12.98
1691  -9.626  -63.127 13.02
1692  -9.811  -63.086 13.69
1693  -9.826  -63.082 13.75
1694  -9.836  -63.080 13.80
1695  -9.867  -63.073 13.93
1696  -9.898  -63.066 14.07
1697  -9.928  -63.060 14.21
1698  -9.805  -63.095 13.68
1699  -10.116 -63.165 15.42
1700  -10.436 -63.236 17.09
1701  -10.458 -63.242 17.18
1702  0.757 -75.482 19.89
1703  -1.449  -70.670 14.70
1704  -0.110  -74.365 19.82
1705  -1.875  -67.000 6.62
1706  0.881 -75.822 19.15
1707  -1.724  -68.490 11.73
1708  -1.641  -67.904 9.29
1709  -1.044  -71.196 15.70
1710  -2.007  -65.260 2.00
1711  0.813 -75.532 19.80
1712  -1.735  -68.468 11.66
1713  -1.219  -69.817 14.13
1714  -2.043  -65.213 1.84
1715  -1.640  -68.149 10.27
1716  -0.620  -73.210 19.53
1717  -1.421  -70.741 14.78
1718  -1.433  -69.971 14.40
1719  -1.042  -71.215 15.73
1720  -1.148  -71.471 15.90
1721  -0.570  -72.191 17.52
1722  -2.486  -65.065 1.62
1723  -0.532  -73.044 19.08
1724  -1.815  -68.960 13.38
1725  -0.355  -73.938 20.03
1726  -1.745  -66.339 4.79
1727  -1.077  -71.144 15.60
1728  -0.097  -74.576 19.59
1729  -1.722  -66.315 4.68
1730  0.475 -75.192 19.89
1731  -1.633  -67.985 9.59
1732  -1.644  -67.754 8.72
1733  0.978 -76.249 19.24
1734  -1.577  -70.098 14.57
1735  -1.639  -67.770 8.77
1736  1.028 -76.508 20.83
1737  -1.681  -69.199 13.90
1738  -1.896  -67.108 6.99
1739  -1.694  -69.196 13.91
1740  -1.750  -69.125 13.79
1741  -1.420  -70.579 14.62
1742  -1.449  -70.686 14.72
1743  -1.682  -66.125 4.20
1744  -0.805  -71.881 16.85
1745  -0.629  -72.303 17.62
1746  -0.557  -73.264 19.65
1747  -1.848  -65.644 3.37
1748  -0.412  -73.788 20.09
1749  -1.905  -65.557 3.14
1750  -0.096  -74.600 19.57
1751  -1.901  -67.092 6.95
1752  -0.848  -52.489 -23.53
1753  0.263 -53.099 -25.67
1754  0.524 -53.156 -26.48
1755  0.773 -53.211 -27.19
1756  0.783 -53.213 -27.22
1757  1.241 -53.467 -28.29
1758  -1.189  -52.061 -23.80
1759  -1.225  -52.053 -23.83
1760  1.558 -54.102 -28.42
1761  1.561 -54.116 -28.41
1762  -0.864  -58.960 -15.32
1763  -1.825  -58.453 -15.83
1764  -1.920  -58.367 -15.83
1765  -1.363  -58.490 -16.33
1766  0.230 -59.438 -14.66
1767  0.495 -59.380 -15.28
1768  0.847 -59.302 -15.88
1769  0.881 -59.295 -15.93
1770  1.001 -59.269 -16.09
1771  -4.494  -71.761 20.80
1772  -5.026  -72.606 20.91
1773  -4.369  -70.008 18.64
1774  -4.171  -70.466 19.23
1775  -4.640  -72.007 20.73
1776  -4.188  -70.802 20.09
1777  -4.718  -72.122 20.75
1778  -6.518  -73.161 19.86
1779  -6.153  -73.242 19.00
1780  -4.380  -71.231 20.95
1781  -4.290  -70.061 18.60
1782  -6.394  -73.113 19.66
1783  -5.292  -72.869 20.41
1784  -5.143  -72.836 20.59
1785  -6.477  -73.132 19.80
1786  -4.437  -71.465 20.95
1787  -5.084  -72.760 20.75
1788  -4.348  -71.942 20.76
1789  -4.394  -72.194 20.77
1790  -4.564  -72.708 21.08
1791  -4.676  -72.850 21.04
1792  -11.556 -61.334 15.38
1793  -8.898  -62.173 8.17
1794  -9.038  -61.822 7.05
1795  -9.488  -61.721 8.10
1796  -11.602 -61.245 15.18
1797  -10.379 -61.787 11.66
1798  -10.685 -61.855 12.97
1799  -11.084 -61.945 15.00
1800  -8.279  -62.754 8.18
1801  -8.346  -62.695 8.22
1802  3.958 41.810  -29.31
1803  2.356 42.181  -29.79
1804  -1.115  -62.046 -7.41
1805  -4.049  -69.002 16.39
1806  -3.618  -68.907 15.20
1807  -3.576  -68.898 15.09
1808  -3.523  -68.886 14.94
1809  -4.371  -69.324 18.15
1810  -6.011  -70.154 22.73
1811  -5.396  -70.018 20.95
1812  -5.185  -69.971 20.12
1813  -5.104  -69.953 19.85
1814  -5.023  -69.899 19.59
1815  -7.181  -71.826 23.46
1816  -5.405  -67.377 14.30
1817  -4.257  -66.475 9.31
1818  -6.605  -69.567 22.85
1819  -6.563  -69.672 22.79
1820  -6.595  -69.204 22.80
1821  -5.582  -67.620 15.39
1822  -6.879  -71.065 23.63
1823  -5.075  -66.920 12.47
1824  -6.518  -68.850 21.75
1825  -8.206  -72.797 23.05
1826  -8.047  -72.762 22.90
1827  -8.022  -72.756 22.89
1828  -7.850  -72.718 22.94
1829  -7.659  -72.675 23.08
1830  -6.743  -70.237 22.98
1831  -7.052  -71.606 23.48
1832  -5.104  -67.079 12.97
1833  -10.068 -72.369 26.17
1834  -8.353  -72.753 23.31
1835  -8.203  -72.786 23.05
1836  -3.214  -65.987 6.16
1837  -6.524  -68.830 21.68
1838  -6.581  -68.986 22.29
1839  -5.075  -67.013 12.73
1840  -6.719  -70.311 23.12
1841  -6.710  -70.309 23.11
1842  -6.703  -70.307 23.11
1843  -6.151  -68.053 18.22
1844  -6.361  -68.166 18.92
1845  -10.046 -72.490 26.20
1846  -7.180  -71.850 23.45
1847  -6.614  -69.547 22.86
1848  -5.017  -66.865 12.18
1849  -6.764  -70.951 23.75
1850  -2.982  -65.893 5.63
1851  -2.942  -65.884 5.56
1852  -2.919  -65.879 5.52
1853  -2.900  -65.875 5.49
1854  -2.841  -65.862 5.39
1855  -2.819  -65.857 5.35
1856  -2.792  -65.851 5.31
1857  -7.233  -72.284 23.24
1858  -6.157  -68.031 18.13
1859  -11.546 -58.383 5.48
1860  -11.900 -58.435 9.71
1861  -8.705  -58.340 -4.94
1862  -9.405  -58.498 -3.37
1863  -7.805  -58.337 -6.84
1864  -7.928  -58.364 -6.50
1865  -9.007  -58.605 -3.76
1866  -9.098  -58.625 -3.53
1867  -2.746  -66.808 7.87
1868  -5.737  -69.375 21.71
1869  -5.707  -69.368 21.61
1870  -5.735  -69.373 21.70
1871  -5.838  -69.479 22.15
1872  -4.354  -67.891 13.15
1873  -3.549  -67.468 9.69
1874  -3.427  -67.511 9.60
1875  -5.505  -69.074 20.20
1876  -6.390  -70.315 23.16
1877  -4.760  -68.440 16.00
1878  -3.246  -67.417 9.11
1879  -6.356  -70.230 23.03
1880  -3.552  -67.475 9.71
1881  -3.638  -67.494 9.95
1882  -3.851  -67.542 10.63
1883  -4.800  -68.511 16.36
1884  -5.997  -69.684 22.63
1885  -3.875  -67.526 10.64
1886  -3.673  -67.482 9.99
1887  -3.529  -67.450 9.60
1888  -3.209  -67.380 8.99
1889  4.233 14.790  9.13
1890  3.785 15.682  5.29
1891  3.972 15.550  6.32
1892  9.603 5.965 25.45
1893  10.649  7.696 22.95
1894  10.611  7.687 23.02
1895  10.492  7.343 23.37
1896  10.625  7.604 23.07
1897  -15.653 27.744  1.17
1898  -15.773 26.074  3.98
1899  -14.331 27.227  0.16
1900  -14.728 26.318  1.79
1901  -15.595 27.051  1.74
1902  -14.259 27.361  -0.34
1903  -14.097 27.399  -0.78
1904  -13.897 27.445  -1.33
1905  -15.758 27.948  1.37
1906  -15.947 28.839  -1.84
1907  -14.709 26.375  1.72
1908  -15.509 27.496  1.01
1909  -14.336 27.224  0.18
1910  -13.342 27.929  -3.78
1911  -1.218  31.458  -13.42
1912  -0.994  31.702  -13.64
1913  58.267  56.305  -2.28
1914  58.334  56.347  -2.22
1915  55.417  50.430  1.40
1916  59.311  56.478  -1.95
1917  26.355  83.307  -67.60
1918  25.916  84.355  -65.48
1919  26.267  83.434  -67.31
1920  26.766  82.261  -67.38
1921  -3.045  16.607  -5.81
1922  -3.063  16.626  -5.91
1923  -3.046  16.632  -5.94
1924  -3.814  19.191  -11.33
1925  -3.252  17.464  -8.98
1926  -4.492  20.719  -13.14
1927  -6.579  21.030  -6.05
1928  -3.323  17.673  -9.54
1929  -5.326  21.046  -10.54
1930  -7.136  21.699  -5.45
1931  -4.506  20.748  -13.15
1932  -7.571  21.857  -4.55
1933  -7.528  21.842  -4.66
1934  -3.943  19.403  -11.69
1935  -4.341  20.487  -13.11
1936  -3.587  18.550  -10.61
1937  -3.403  18.085  -10.50
1938  -3.688  18.906  -10.90
1939  -3.930  19.409  -11.72
1940  -3.039  16.728  -6.40
1941  -3.422  18.215  -10.70
1942  -3.215  17.365  -8.72
1943  -4.378  20.244  -12.66
1944  -3.841  19.243  -11.42
1945  -4.928  21.057  -12.20
1946  -4.375  20.296  -12.75
1947  -5.894  20.635  -7.61
1948  -6.296  20.724  -6.57
1949  -4.319  20.039  -12.46
1950  -3.645  18.750  -10.71
1951  -4.089  19.713  -12.21
1952  -3.231  17.404  -8.82
1953  -3.436  18.132  -10.51
1954  7.388 9.269 21.13
1955  6.891 9.655 20.85
1956  4.386 22.094  -8.39
1957  4.529 22.062  -7.88
1958  5.288 21.893  -7.11
1959  40.048  48.295  0.23
1960  41.609  43.050  23.73
1961  39.820  48.919  -5.86
1962  41.254  45.294  14.05
1963  40.174  47.599  4.39
1964  41.329  45.110  14.74
1965  40.164  47.539  4.83
1966  40.050  48.276  0.42
1967  41.989  44.051  18.64
1968  40.728  47.063  4.76
1969  41.857  44.570  15.95
1970  -3.166  17.223  -8.30
1971  -4.306  16.520  -2.29
1972  -8.353  17.547  7.23
1973  -6.881  16.881  4.65
1974  -7.617  17.280  5.77
1975  -3.459  17.288  -8.24
1976  -3.608  17.321  -7.97
1977  -3.527  17.562  -8.83
1978  -3.529  17.628  -9.00
1979  -4.270  18.398  -8.58
1980  -4.275  18.404  -8.58
1981  -1.074  -62.729 -6.53
1982  -3.432  12.606  2.85
1983  -3.470  12.615  2.80
1984  67.908  123.134 -13.67
1985  64.038  127.156 -12.11
1986  70.644  127.248 -8.62
1987  66.595  123.543 -13.83
1988  65.603  124.236 -15.86
1989  60.676  124.802 -7.93
1990  71.470  127.333 -6.96
1991  60.563  121.844 -12.68
1992  60.333  120.244 -16.22
1993  62.626  129.883 -7.50
1994  61.356  128.890 -4.62
1995  61.839  129.703 -4.69
1996  63.535  129.209 -11.52
1997  64.489  126.028 -13.88
1998  63.746  127.954 -11.52
1999  61.126  127.368 -5.92
2000  70.106  125.925 -9.57
2001  59.929  118.883 -18.37
2002  59.969  117.418 -19.48
2003  65.029  124.817 -16.66
2004  60.590  123.450 -10.29
2005  0.694 13.221  5.83
2006  0.564 12.941  6.53
2007  0.567 12.925  6.58
2008  0.768 13.615  4.92
2009  0.021 15.581  -2.70
2010  -1.068  16.758  -6.22
2011  -0.951  16.732  -6.04
2012  -0.822  16.703  -5.86
2013  0.003 15.605  -2.75
2014  -0.558  17.351  -10.33
2015  -0.427  17.380  -10.42
2016  0.235 17.448  -9.60
2017  0.037 17.448  -9.96
2018  0.446 17.357  -8.90
2019  -0.128  17.404  -10.12
2020  0.562 17.253  -8.27
2021  1.006 17.155  -6.80
2022  -24.799 33.582  10.59
2023  -23.031 32.112  9.04
2024  -22.723 31.883  9.41
2025  -24.776 33.487  10.57
2026  -23.832 32.541  9.93
2027  -22.257 30.049  10.97
2028  -22.315 30.999  10.43
2029  1.229 26.661  -14.30
2030  1.251 26.530  -14.38
2031  0.874 27.330  -14.30
2032  0.841 27.556  -14.10
2033  0.557 25.079  -18.39
2034  1.304 26.179  -14.95
2035  1.085 27.066  -14.21
2036  1.245 25.595  -16.68
2037  -0.202  16.495  -5.31
2038  -0.446  16.580  -5.43
2039  -0.523  16.637  -5.64
2040  3.953 17.416  1.55
2041  3.663 18.286  -4.24
2042  3.759 17.794  -1.38
2043  3.677 18.511  -5.02
2044  10.138  15.472  11.72
2045  7.813 15.719  9.44
2046  8.960 16.665  6.25
2047  9.324 16.314  8.70
2048  8.712 16.452  6.54
2049  7.950 16.623  6.80
2050  47.695  0.031 47.29
2051  46.012  4.055 50.22
2052  47.306  0.373 47.14
2053  -1.841  18.937  -14.60
2054  -1.812  18.793  -14.22
2055  0.860 21.006  -18.10
2056  0.248 24.075  -20.36
2057  0.086 24.039  -20.72
2058  -1.024  24.728  -20.45
2059  -4.064  24.989  -18.07
2060  -4.631  24.863  -17.31
2061  -5.417  25.623  -15.92
2062  -0.044  24.011  -20.96
2063  -0.110  24.026  -21.02
2064  -3.475  24.772  -18.56
2065  -3.944  24.876  -18.13
2066  -4.383  24.974  -17.78
2067  -4.472  24.993  -17.63
2068  -5.046  25.121  -16.46
2069  -1.831  22.625  -20.94
2070  -1.905  22.709  -20.93
2071  -0.650  21.071  -20.47
2072  -1.158  21.894  -21.37
2073  -1.158  27.063  -16.18
2074  -1.225  27.489  -14.19
2075  -0.929  27.555  -13.99
2076  -1.243  26.147  -18.66
2077  -14.875 30.274  -9.08
2078  -12.413 32.161  -15.11
2079  -13.945 30.873  -11.34
2080  -13.284 31.656  -13.38
2081  -12.082 32.316  -14.65
2082  -13.527 31.271  -12.04
2083  -11.270 30.639  -10.31
2084  -12.219 29.542  -7.54
2085  -10.683 28.675  -7.90
2086  -12.419 29.329  -6.69
2087  -10.563 31.465  -11.70
2088  -11.226 30.250  -9.88
2089  -12.063 28.802  -6.93
2090  -12.219 29.701  -7.72
2091  -11.687 29.822  -9.16
2092  -11.427 28.426  -7.26
2093  -9.522  27.059  -7.89
2094  -2.228  27.267  -16.25
2095  -5.783  26.986  -15.59
2096  -5.986  27.367  -15.78
2097  -6.007  27.205  -15.73
2098  0.833 18.594  -11.96
2099  0.967 18.792  -12.09
2100  1.277 19.628  -14.19
2101  1.113 19.078  -12.75
2102  1.112 19.080  -12.76
2103  0.848 18.627  -11.98
2104  -5.413  21.884  -11.89
2105  -5.334  21.445  -11.37
2106  -5.312  21.488  -11.55
2107  -13.412 21.947  5.17
2108  -13.994 22.748  5.55
2109  -13.658 22.392  5.15
2110  1.618 21.395  -17.56
2111  1.324 19.968  -14.98
2112  1.552 21.107  -16.90
2113  1.513 20.861  -16.40
2114  1.633 21.770  -18.25
2115  1.446 20.600  -16.06
2116  1.655 21.581  -17.96
2117  1.474 22.476  -17.99
2118  -14.162 38.605  -19.71
2119  -13.730 39.640  -20.99
2120  -14.131 38.397  -19.58
2121  -13.904 39.279  -20.76
2122  -14.290 37.640  -19.86
2123  -7.919  28.568  -12.09
2124  -6.869  27.271  -16.05
2125  -6.837  27.177  -16.12
2126  -6.914  27.408  -15.92
2127  -1.282  25.765  -19.23
2128  -9.892  25.546  -5.45
2129  -9.179  25.873  -9.12
2130  -5.991  26.911  -15.54
2131  -5.844  26.900  -15.52
2132  -3.144  25.929  -18.02
2133  -4.396  26.378  -16.89
2134  -5.309  27.006  -16.14
2135  -5.613  26.939  -15.73
2136  -5.764  26.905  -15.56
2137  -3.563  25.954  -17.71
2138  -8.188  26.759  -13.21
2139  -7.832  26.954  -14.25
2140  -7.955  26.926  -13.88
2141  -4.440  26.479  -16.75
2142  -4.308  27.762  -15.54
2143  -4.597  27.414  -15.73
2144  -4.742  26.924  -16.42
2145  -6.119  19.750  -5.46
2146  -7.086  21.836  -5.95
2147  8.367 8.116 22.31
2148  8.974 8.252 22.71
2149  8.366 8.114 22.32
2150  -5.076  -60.331 -6.79
2151  -4.342  -59.725 -7.50
2152  -9.518  -65.307 17.01
2153  -5.497  -60.811 -6.02
2154  -5.530  -60.794 -6.01
2155  -5.393  -60.744 -6.26
2156  -5.308  -60.714 -6.35
2157  -5.624  -61.051 -5.24
2158  -5.856  -61.497 -3.60
2159  -10.316 -65.340 21.55
2160  -4.648  -59.922 -7.22
2161  -3.591  -58.947 -12.45
2162  -9.517  -65.299 16.98
2163  -8.460  -63.513 10.63
2164  -8.568  -63.537 10.95
2165  -8.605  -63.545 11.06
2166  -5.619  -61.145 -5.01
2167  -9.603  -65.116 16.61
2168  -10.102 -65.301 20.34
2169  -8.140  -62.971 8.43
2170  -9.548  -65.193 16.68
2171  -10.088 -65.314 20.30
2172  -10.344 -65.372 21.77
2173  -6.697  -62.343 2.23
2174  -8.349  -63.413 10.16
2175  -3.454  -58.811 -13.43
2176  -8.168  -63.021 8.65
2177  -9.259  -64.647 13.15
2178  -5.302  -60.656 -6.44
2179  -6.772  -62.398 2.67
2180  -4.052  -59.335 -8.92
2181  -6.552  -62.370 1.93
2182  -6.793  -62.423 2.81
2183  -5.811  -61.432 -3.86
2184  -5.211  -60.516 -6.62
2185  -9.192  -64.395 12.44
2186  -6.084  -61.761 -2.42
2187  -7.278  -62.933 5.18
2188  -8.845  -64.021 11.65
2189  -8.783  -61.161 4.01
2190  -12.738 -67.454 32.01
2191  -13.466 -68.725 29.46
2192  -13.655 -68.682 29.91
2193  -12.654 -67.331 31.95
2194  -13.158 -68.078 29.75
2195  -13.212 -68.177 29.12
2196  -12.701 -69.774 29.08
2197  -10.909 -66.141 24.66
2198  -12.278 -70.838 27.67
2199  -11.537 -67.393 28.06
2200  -11.085 -66.392 25.99
2201  -12.585 -69.069 29.03
2202  -11.616 -67.709 28.26
2203  -10.415 -65.418 22.17
2204  -12.534 -68.938 29.17
2205  -11.333 -67.032 27.71
2206  -12.595 -70.362 27.57
2207  -12.466 -68.725 29.53
2208  -12.478 -68.590 29.74
2209  -12.573 -70.187 27.69
2210  -11.339 -67.053 27.71
2211  -12.223 -68.290 29.65
2212  -11.019 -66.242 25.26
2213  -12.707 -69.617 29.16
2214  -11.685 -67.830 28.44
2215  -12.629 -69.481 28.81
2216  13.629  106.032 -13.08
2217  13.712  106.012 -13.36
2218  14.382  105.858 -15.84
2219  14.438  105.845 -16.09
2220  15.225  105.662 -19.20
2221  15.288  105.647 -19.44
2222  -0.073  26.197  -17.31
2223  0.067 25.857  -17.48
2224  -5.218  29.835  -15.22
2225  0.584 15.092  -1.43
2226  0.345 15.510  -2.80
2227  0.386 15.690  -3.23
2228  -15.970 -64.711 21.57
2229  -16.004 -64.725 21.27
2230  -15.117 -65.021 25.81
2231  -15.058 -65.007 25.93
2232  -15.013 -64.997 26.02
2233  -14.986 -64.991 26.07
2234  -14.948 -64.982 26.15
2235  -13.209 -65.192 28.33
2236  -13.139 -65.208 28.02
2237  -13.126 -65.211 27.96
2238  -12.468 -65.133 24.58
2239  -2.879  -56.719 -15.94
2240  26.463  90.918  -47.94
2241  -21.906 43.989  -0.34
2242  -21.861 44.252  -0.38
2243  -21.457 43.574  -2.22
2244  -5.976  -61.524 -3.38
2245  -6.105  -61.552 -3.20
2246  -11.765 -71.593 27.59
2247  -11.627 -72.128 28.26
2248  -11.807 -72.169 29.74
2249  -11.964 -72.203 31.23
2250  -11.594 -72.025 27.80
2251  -11.845 -71.458 27.74
2252  -12.019 -71.211 28.16
2253  10.680  4.787 22.07
2254  -4.652  -74.292 17.91
2255  -4.747  -77.060 9.83
2256  -4.481  -77.425 9.85
2257  -4.723  -77.150 9.88
2258  -4.475  -74.587 16.97
2259  -4.928  -75.475 12.66
2260  -4.945  -76.200 11.06
2261  -4.718  -74.898 15.22
2262  -4.548  -73.597 20.10
2263  -4.805  -75.234 13.69
2264  -4.953  -76.387 10.64
2265  -4.753  -74.989 14.79
2266  -4.487  -74.128 18.85
2267  -5.027  -75.685 12.00
2268  0.068 21.948  -19.85
2269  1.147 20.007  -15.29
2270  0.673 20.793  -18.08
2271  0.357 21.117  -18.81
2272  0.933 20.487  -16.97
2273  0.200 21.259  -19.15
2274  -6.693  -61.682 -1.61
2275  -6.791  -61.704 -1.12
2276  -6.847  -61.717 -0.81
2277  -7.407  -61.841 1.94
2278  -7.522  -61.867 2.39
2279  -7.560  -61.875 2.53
2280  -7.837  -61.937 3.61
2281  -8.047  -61.983 4.53
2282  -7.977  -62.058 4.55
2283  -8.016  -62.050 4.67
2284  -8.428  -61.958 5.77
2285  -3.774  -57.239 -14.45
2286  48.282  -0.626  47.97
2287  -16.545 33.374  -11.16
2288  -16.553 33.351  -11.09
2289  4.430 18.344  -4.44
2290  5.994 11.321  18.51
2291  6.006 11.367  18.39
2292  6.020 11.445  18.22
2293  6.001 11.326  18.50
2294  4.930 22.908  -8.70
2295  4.815 22.934  -9.05
2296  4.816 23.869  -9.42
2297  4.719 23.197  -9.69
2298  -6.031  23.734  -14.13
2299  12.264  105.912 -10.99
2300  17.532  104.697 -26.84
2301  17.538  104.689 -26.89
2302  -12.948 38.507  -21.68
2303  5.374 -70.656 -2.06
2304  6.219 -68.127 -9.90
2305  -3.539  22.301  -17.44
2306  -3.685  23.772  -18.04
2307  -3.445  23.202  -18.56
2308  -3.463  21.029  -14.31
2309  -3.489  22.378  -17.75
2310  -3.373  19.349  -12.95
2311  -3.424  23.159  -18.63
2312  -2.890  17.334  -8.49
2313  -3.459  20.947  -14.26
2314  -3.602  22.101  -16.79
2315  -2.776  17.795  -10.00
2316  -3.433  20.363  -14.05
2317  -3.586  21.758  -15.80
2318  -3.398  19.523  -13.21
2319  -3.421  20.284  -14.02
2320  -3.088  18.661  -12.19
2321  -2.787  18.221  -11.32
2322  -3.016  17.189  -8.13
2323  -3.204  18.800  -12.24
2324  -3.396  19.527  -13.22
2325  -2.774  18.071  -10.90
2326  -2.949  17.306  -8.45
2327  -3.380  20.466  -14.21
2328  -3.431  23.109  -18.63
2329  -3.356  19.135  -12.54
2330  -3.658  23.929  -18.13
2331  -3.473  22.451  -17.91
2332  -3.248  20.046  -14.39
2333  -3.458  21.011  -14.30
2334  -3.233  18.841  -12.25
2335  -3.410  19.563  -13.24
2336  -2.814  17.496  -8.96
2337  -2.790  17.990  -10.66
2338  10.365  -9.712  31.80
2339  10.305  -9.735  31.88
2340  9.882 -9.309  32.49
2341  10.704  -9.245  31.70
2342  10.618  -9.225  31.69
2343  -1.730  20.645  -19.37
2344  -1.525  20.009  -18.18
2345  -0.960  20.211  -19.31
2346  -0.400  19.280  -16.27
2347  -0.393  19.258  -16.20
2348  -0.936  20.073  -18.98
2349  -1.454  19.958  -18.15
2350  -1.844  20.807  -19.49
2351  -0.553  19.449  -16.88
2352  3.252 20.811  -10.99
2353  1.942 19.831  -13.96
2354  2.443 20.655  -14.24
2355  2.491 20.832  -14.66
2356  2.645 20.866  -14.30
2357  -1.329  -74.826 19.16
2358  -1.031  -75.089 18.59
2359  -3.007  -73.330 20.28
2360  -3.311  -73.221 20.78
2361  -3.425  -73.180 20.97
2362  -0.433  -76.111 17.26
2363  -0.448  -76.654 16.27
2364  -0.542  -76.016 17.51
2365  -2.490  -73.634 19.61
2366  -2.337  -73.822 19.57
2367  -3.434  -73.178 20.99
2368  -2.098  -74.321 19.68
2369  -2.356  -74.079 19.85
2370  -2.161  -74.122 19.71
2371  -0.846  -75.483 18.23
2372  -0.579  -75.907 17.84
2373  -0.448  -76.833 16.27
2374  -2.407  -73.767 19.59
2375  -3.474  -73.068 20.91
2376  -2.476  -73.685 19.62
2377  -3.074  -73.203 20.24
2378  -3.483  -73.113 20.99
2379  -3.171  -73.182 20.41
2380  -1.287  -74.861 19.12
2381  2.038 26.950  -13.03
2382  2.167 26.868  -12.86
2383  2.309 -69.329 7.23
2384  -3.166  -59.944 -11.79
2385  -1.411  -61.718 -7.56
2386  -1.027  -62.697 -6.64
2387  1.260 -66.869 1.21
2388  0.898 -66.998 1.90
2389  0.087 -67.288 4.13
2390  -2.647  -60.789 -10.33
2391  -3.065  -60.271 -11.21
2392  -0.451  -64.645 -2.61
2393  -2.977  -60.436 -10.91
2394  2.208 -69.522 8.24
2395  -1.369  -61.945 -7.36
2396  -0.361  -63.961 -4.31
2397  -1.254  -62.107 -7.29
2398  -1.283  -62.106 -7.28
2399  -0.239  -65.816 0.23
2400  -0.320  -66.635 2.63
2401  0.870 -66.899 1.66
2402  -0.628  -63.219 -5.73
2403  -0.328  -63.747 -4.89
2404  -0.646  -63.091 -5.98
2405  -0.447  -64.617 -2.69
2406  -0.303  -65.705 0.01
2407  -0.416  -65.165 -1.30
2408  -1.143  -62.266 -7.25
2409  -0.321  -66.026 0.96
2410  -0.475  -64.732 -2.36
2411  0.869 -66.885 1.63
2412  -0.325  -66.622 2.60
2413  1.748 -67.009 0.51
2414  0.919 -67.191 2.42
2415  0.722 -67.234 2.83
2416  0.563 -67.269 3.20
2417  0.529 -67.276 3.28
2418  0.375 -67.310 3.67
2419  0.255 -67.337 3.98
2420  -1.739  -61.463 -8.08
2421  -3.071  -60.164 -11.44
2422  -0.311  -63.833 -4.69
2423  -0.222  -66.737 2.81
2424  -1.923  -61.348 -8.57
2425  -2.689  -60.738 -10.41
2426  -2.627  -60.725 -10.49
2427  -2.075  -61.207 -9.16
2428  -0.918  -62.764 -6.56
2429  -1.116  -62.608 -6.77
2430  -0.959  -62.890 -6.22
2431  -0.312  -63.868 -4.60
2432  -0.374  -64.456 -3.17
2433  -0.369  -65.318 -0.96
2434  -0.309  -65.907 0.61
2435  -0.228  -66.725 2.78
2436  1.799 27.000  -13.38
2437  1.761 27.352  -13.36
2438  -1.055  10.696  7.52
2439  -1.042  10.701  7.54
2440  -1.142  10.678  7.41
2441  -1.272  10.650  7.18
2442  -0.601  10.323  8.08
2443  48.825  7.298 48.56
2444  10.676  -9.596  31.72
2445  9.119 5.139 23.50
2446  14.472  1.091 22.17
2447  8.714 6.324 23.77
2448  12.646  -7.817  30.47
2449  17.001  -1.350  27.79
2450  10.961  4.678 21.06
2451  8.722 6.164 23.83
2452  12.458  -8.081  30.83
2453  17.017  -1.483  27.86
2454  5.421 6.522 18.14
2455  6.343 6.727 20.28
2456  13.250  -7.021  29.07
2457  13.750  -5.735  28.30
2458  15.439  0.725 22.28
2459  10.544  -10.094 31.80
2460  16.958  -0.403  27.17
2461  13.963  -5.315  28.23
2462  11.435  -8.957  31.66
2463  14.433  1.121 22.19
2464  17.056  -1.110  27.72
2465  11.384  4.123 20.29
2466  10.528  -10.140 31.83
2467  11.074  -9.329  31.75
2468  13.380  -6.641  28.68
2469  11.656  3.630 21.01
2470  15.694  0.440 22.80
2471  8.972 5.447 23.41
2472  11.796  -8.558  31.37
2473  18.609  32.018  6.70
2474  16.508  32.868  2.77
2475  18.333  33.790  4.73
2476  18.003  31.142  6.32
2477  19.941  30.436  9.08
2478  19.676  30.372  8.82
2479  18.582  31.939  6.67
2480  15.972  32.555  2.45
2481  18.096  30.928  6.66
2482  19.270  32.709  6.91
2483  18.583  31.980  6.66
2484  29.115  31.151  15.25
2485  18.302  33.876  4.66
2486  17.906  33.970  4.19
2487  19.538  33.144  7.06
2488  22.734  32.106  9.28
2489  20.825  30.463  9.41
2490  21.718  31.179  9.90
2491  -1.877  16.124  -3.70
2492  -1.903  16.008  -3.29
2493  -6.533  -55.899 -16.64
2494  -7.700  -56.372 -12.98
2495  -3.106  11.742  3.51
2496  47.341  6.006 48.72
2497  -0.124  10.902  8.80
2498  -0.118  12.007  7.44
2499  -1.224  13.334  5.72
2500  -1.067  9.277 11.24
2501  -0.061  11.642  8.07
2502  -0.844  12.612  6.65
2503  -0.144  10.898  8.75
2504  -2.806  10.312  4.88
2505  -0.506  10.302  8.16
2506  -1.073  9.256 11.28
2507  -0.114  10.936  8.85
2508  -0.822  12.904  6.27
2509  -0.855  9.805 10.17
2510  -0.709  10.055  9.12
2511  -0.835  10.027  9.25
2512  -0.802  9.649 10.64
2513  -0.921  9.675 10.53
2514  54.528  41.048  10.33
2515  55.968  42.769  8.37
2516  -17.898 20.139  16.76
2517  -18.580 22.108  13.34
2518  -17.653 18.650  18.08
2519  -18.001 20.874  14.64
2520  -18.209 21.759  12.78
2521  -18.115 21.565  12.85
2522  -29.446 22.555  32.61
2523  -30.520 26.109  34.53
2524  -28.833 21.892  31.96
2525  -30.661 26.627  34.56
2526  7.705 -65.832 -13.92
2527  3.964 -67.315 -4.94
2528  5.144 20.055  -7.26
2529  5.259 24.704  -8.90
2530  4.794 20.257  -7.89
2531  0.544 17.907  -10.93
2532  5.153 19.563  -6.45
2533  4.945 19.165  -5.72
2534  4.219 22.056  -8.91
2535  4.268 21.467  -8.22
2536  4.904 20.109  -7.75
2537  2.480 18.247  -5.70
2538  5.064 19.854  -7.25
2539  4.294 21.216  -8.63
2540  4.317 21.174  -8.67
2541  4.351 18.574  -5.29
2542  4.002 18.651  -5.66
2543  4.693 20.386  -8.03
2544  4.993 19.933  -7.50
2545  4.197 22.136  -9.22
2546  1.058 17.862  -9.46
2547  4.306 21.235  -8.57
2548  4.190 22.144  -9.27
2549  1.531 18.052  -8.33
2550  4.143 22.213  -9.62
2551  4.429 20.713  -8.69
2552  4.240 21.922  -8.51
2553  4.944 19.162  -5.71
2554  4.438 20.528  -8.53
2555  2.518 18.260  -5.63
2556  4.963 19.207  -5.81
2557  7.056 2.432 25.47
2558  7.856 2.391 26.06
2559  9.312 18.243  3.64
2560  7.951 17.743  4.45
2561  8.971 18.537  1.92
2562  7.206 18.141  2.66
2563  9.194 18.656  2.04
2564  8.828 18.791  1.16
2565  9.210 18.210  3.47
2566  9.415 19.099  1.48
2567  23.804  89.565  -55.72
2568  -2.874  -67.499 8.98
2569  -2.878  -67.307 8.65
2570  -19.941 -57.824 16.07
2571  -23.185 -57.605 14.86
2572  -27.107 -58.600 18.12
2573  -27.204 -58.625 18.19
2574  -15.615 -57.452 5.72
2575  -15.101 -57.113 3.75
2576  -16.830 -57.515 8.09
2577  -16.865 -57.523 8.26
2578  -19.980 -57.861 16.12
2579  -25.905 -57.832 16.66
2580  -24.386 -57.186 13.61
2581  -24.833 -57.298 14.41
2582  -25.024 -57.347 14.76
2583  -14.910 -56.897 2.65
2584  -19.055 -57.321 13.76
2585  -19.095 -57.330 13.91
2586  -19.547 -57.438 15.25
2587  -19.600 -57.451 15.33
2588  -21.310 -57.863 15.66
2589  -21.362 -57.876 15.63
2590  -21.578 -57.928 15.49
2591  -21.611 -57.936 15.48
2592  -17.685 -57.688 11.47
2593  -17.728 -57.678 11.55
2594  -18.564 -57.481 13.10
2595  -19.023 -57.372 13.84
2596  -19.396 -57.283 14.57
2597  -22.673 -57.925 15.71
2598  -22.754 -57.906 15.69
2599  -25.019 -57.340 14.73
2600  -26.800 -58.321 17.41
2601  -1.739  -60.589 -10.00
2602  -1.740  -60.563 -10.06
2603  -1.529  -52.639 -22.90
2604  -1.492  -52.713 -22.86
2605  -1.468  -52.718 -22.88
2606  -0.116  -53.766 -25.14
2607  1.035 -54.705 -26.87
2608  1.068 -54.712 -26.91
2609  1.224 -54.908 -26.89
2610  -1.011  -53.244 -23.29
2611  -0.945  -53.229 -23.36
2612  -0.891  -53.219 -23.41
2613  -0.432  -53.664 -24.27
2614  -0.373  -53.677 -24.40
2615  0.644 -54.317 -26.72
2616  -5.461  -56.869 -14.47
2617  -9.833  -70.851 27.39
2618  -7.732  -65.706 12.57
2619  -4.134  -61.587 -5.45
2620  -9.121  -70.127 26.61
2621  -10.026 -70.942 27.38
2622  -10.283 -71.038 27.11
2623  -9.080  -68.295 23.37
2624  -7.851  -67.116 17.86
2625  -7.840  -67.119 17.85
2626  -7.820  -67.123 17.81
2627  -8.833  -67.666 21.37
2628  -4.975  -62.739 -3.74
2629  -4.931  -62.730 -3.89
2630  -4.861  -62.714 -4.12
2631  -9.060  -68.284 23.29
2632  -9.067  -68.282 23.31
2633  -7.659  -65.583 11.87
2634  -4.008  -61.500 -5.87
2635  -5.709  -63.693 0.96
2636  -5.582  -63.901 1.54
2637  -5.586  -64.312 3.67
2638  -5.638  -64.323 3.85
2639  -5.700  -64.337 4.05
2640  -5.927  -64.387 4.81
2641  -6.683  -64.555 7.38
2642  -6.753  -64.570 7.58
2643  -6.799  -64.580 7.71
2644  -6.821  -64.585 7.77
2645  -6.922  -64.608 8.05
2646  -6.982  -64.621 8.21
2647  -7.010  -64.627 8.28
2648  -7.038  -64.633 8.36
2649  -7.063  -64.639 8.43
2650  -7.087  -64.644 8.49
2651  -7.117  -64.651 8.57
2652  -7.144  -64.657 8.64
2653  -9.071  -69.718 26.24
2654  -4.978  -62.724 -3.75
2655  -4.927  -62.735 -3.89
2656  -4.851  -62.752 -4.10
2657  -5.612  -64.193 3.12
2658  -6.048  -64.290 4.62
2659  -7.582  -66.191 14.94
2660  -5.816  -64.482 5.02
2661  -6.503  -64.329 6.10
2662  -10.017 -70.944 27.38
2663  -5.619  -64.019 2.23
2664  -5.598  -63.255 -0.75
2665  -8.962  -67.936 22.37
2666  -8.985  -67.941 22.45
2667  -5.728  -63.567 0.59
2668  -7.346  -65.073 9.93
2669  -8.921  -69.364 25.13
2670  -8.938  -69.368 25.19
2671  -8.943  -69.369 25.20
2672  -7.572  -66.460 16.15
2673  -10.384 -71.129 26.83
2674  -4.279  -61.867 -5.13
2675  -4.335  -61.880 -5.08
2676  -4.373  -61.888 -5.06
2677  -4.404  -61.895 -5.04
2678  -8.863  -67.610 21.33
2679  -4.383  -61.996 -5.17
2680  -5.760  -63.631 0.91
2681  -5.734  -63.626 0.80
2682  -5.694  -63.617 0.63
2683  -8.765  -69.068 23.91
2684  -4.646  -62.079 -4.98
2685  -7.623  -65.482 11.40
2686  -9.334  -70.378 26.77
2687  -5.590  -63.307 -0.66
2688  -7.679  -66.931 17.40
2689  -10.619 -71.527 26.01
2690  -8.900  -68.640 23.27
2691  -4.502  -70.539 19.67
2692  -4.597  -70.711 20.31
2693  -5.069  -71.325 21.65
2694  -3.014  -57.624 -13.86
2695  45.635  4.807 50.04
2696  45.626  4.815 50.03
2697  -8.996  -60.758 3.27
2698  -7.593  -60.707 -0.58
2699  -10.733 -60.429 7.29
2700  -11.065 -60.504 9.15
2701  -11.147 -60.522 9.67
2702  -11.191 -60.533 9.95
2703  -11.163 39.182  -24.16
2704  -11.141 39.297  -24.00
2705  -14.686 35.869  -14.74
2706  -11.437 35.909  -17.75
2707  -12.655 37.122  -22.07
2708  -11.450 37.782  -24.07
2709  -12.229 37.960  -23.72
2710  -11.705 36.364  -20.43
2711  -11.277 38.678  -25.10
2712  -11.655 37.310  -23.59
2713  -12.641 37.085  -22.02
2714  -10.973 39.543  -23.94
2715  -11.328 38.320  -25.13
2716  -8.430  36.345  -19.66
2717  -7.567  35.035  -16.88
2718  -8.017  39.028  -26.82
2719  -8.281  37.065  -21.71
2720  -8.394  37.113  -21.62
2721  -7.748  38.193  -25.58
2722  -8.001  38.872  -26.40
2723  -8.049  39.061  -26.89
2724  -0.589  22.182  -20.59
2725  -0.323  20.333  -18.88
2726  -0.349  20.429  -19.12
2727  -0.983  23.037  -21.35
2728  -0.040  18.401  -12.71
2729  -0.249  19.226  -16.01
2730  -0.224  20.221  -18.43
2731  -0.203  19.577  -16.71
2732  -0.239  19.292  -16.17
2733  -0.138  18.803  -14.45
2734  -0.219  20.231  -18.45
2735  -0.040  18.400  -12.71
2736  -0.217  19.374  -16.32
2737  -0.202  18.858  -14.68
2738  -0.880  20.456  -19.82
2739  -0.729  20.294  -19.40
2740  -0.499  20.169  -18.82
2741  4.927 12.623  14.72
2742  4.471 11.870  15.56
2743  5.326 11.121  18.53
2744  5.799 11.292  18.30
2745  4.993 12.972  14.14
2746  3.773 10.074  15.52
2747  4.124 10.932  15.62
2748  3.616 9.860 16.36
2749  4.122 10.908  15.65
2750  5.723 11.264  18.32
2751  5.800 11.281  18.34
2752  0.530 16.657  -6.12
2753  0.470 16.781  -6.72
2754  -1.242  16.796  -6.50
2755  1.442 16.202  -2.17
2756  1.696 16.146  -1.44
2757  1.892 16.102  -1.10
2758  2.030 16.072  -0.96
2759  1.349 16.362  -3.07
2760  1.422 16.272  -2.51
2761  2.063 16.061  -0.92
2762  2.150 16.081  -0.92
2763  2.375 16.131  -0.82
2764  2.878 16.242  0.16
2765  -4.027  22.192  -15.33
2766  -4.971  23.488  -15.73
2767  -6.447  23.910  -13.01
2768  -5.006  23.763  -15.77
2769  -5.375  23.896  -15.46
2770  -3.976  21.143  -14.51
2771  -3.996  22.266  -15.54
2772  -4.241  23.080  -16.60
2773  -4.150  23.100  -16.80
2774  -4.974  23.501  -15.73
2775  -3.982  22.079  -15.34
2776  -4.112  20.803  -14.00
2777  -3.973  21.967  -15.22
2778  -4.169  20.627  -13.62
2779  -3.971  21.843  -15.05
2780  -4.239  23.071  -16.58
2781  -4.123  23.046  -16.72
2782  -4.272  20.472  -13.21
2783  -6.396  23.891  -13.19
2784  -4.157  22.949  -16.39
2785  -4.061  21.532  -14.66
2786  -3.996  21.264  -14.59
2787  -4.053  22.579  -15.80
2788  -3.967  21.123  -14.50
2789  47.577  5.774 47.92
2790  47.840  -0.164  47.48
2791  6.403 -7.285  30.24
2792  7.356 -7.072  30.81
2793  7.521 -7.035  30.85
2794  7.611 -7.015  30.86
2795  5.644 -6.519  28.57
2796  6.461 -7.355  30.43
2797  -21.181 31.328  5.45
2798  -21.228 31.666  5.78
2799  -21.573 33.017  3.24
2800  -21.334 32.226  5.67
2801  -21.393 32.642  4.39
2802  -21.539 33.110  3.01
2803  -21.388 33.576  1.99
2804  -21.289 34.107  0.81
2805  -21.167 34.457  -0.21
2806  34.527  -5.918  40.67
2807  34.512  -5.900  40.74
2808  34.470  -5.887  40.97
2809  49.063  1.475 44.96
2810  0.899 30.156  -12.54
2811  0.321 29.541  -8.42
2812  -0.025  29.618  -8.35
2813  11.851  -10.680 33.20
2814  11.745  -10.756 33.44
2815  15.625  -13.182 33.17
2816  16.565  -15.252 31.47
2817  14.710  -12.034 30.13
2818  2.060 42.243  -29.91
2819  0.059 42.735  -33.77
2820  0.223 42.771  -33.81
2821  0.026 42.697  -33.67
2822  1.805 42.303  -30.06
2823  1.880 42.287  -30.00
2824  1.961 42.269  -29.96
2825  2.056 42.248  -29.92
2826  2.227 42.210  -29.86
2827  2.261 42.202  -29.84
2828  -16.867 35.295  -11.51
2829  -16.679 35.251  -11.28
2830  1.636 -64.878 -3.07
2831  2.109 -66.439 -2.04
2832  2.088 -66.215 -2.01
2833  12.576  4.354 19.93
2834  13.083  5.173 19.63
2835  11.405  4.127 20.24
2836  11.610  4.174 19.87
2837  12.700  4.423 19.98
2838  -2.684  -66.822 7.82
2839  -3.281  -59.985 -11.47
2840  -3.857  -61.688 -5.93
2841  -3.449  -68.870 14.72
2842  -3.398  -68.533 13.07
2843  -3.612  -61.002 -8.04
2844  -3.340  -68.115 11.43
2845  -3.326  -60.214 -10.85
2846  -2.497  -65.375 3.01
2847  -2.844  -67.719 9.46
2848  -3.848  -62.491 -6.33
2849  -3.969  -69.413 17.21
2850  -4.095  -69.385 17.48
2851  -3.735  -61.561 -6.43
2852  -4.050  -63.096 -5.24
2853  -3.249  -64.741 1.22
2854  -3.819  -63.922 -2.04
2855  -3.962  -62.948 -5.63
2856  -2.909  -65.158 2.55
2857  -3.356  -64.518 0.33
2858  -4.014  -69.448 17.37
2859  -3.917  -62.881 -5.78
2860  -2.398  -66.483 6.79
2861  -2.517  -66.140 6.14
2862  -2.392  -66.168 6.08
2863  -3.341  -68.127 11.47
2864  -3.337  -60.222 -10.81
2865  -4.263  -69.503 18.10
2866  -2.751  -67.526 8.97
2867  -4.388  -69.795 18.57
2868  -3.956  -61.796 -5.64
2869  -3.449  -68.809 14.45
2870  -3.588  -60.875 -8.38
2871  -3.927  -63.227 -4.79
2872  -3.901  -62.243 -6.19
2873  -3.762  -62.274 -6.37
2874  -3.339  -64.534 0.39
2875  -3.871  -63.687 -3.00
2876  -2.555  -65.799 4.92
2877  -2.495  -65.427 3.24
2878  -2.701  -65.382 3.25
2879  -2.583  -67.242 8.35
2880  43.792  67.285  -39.15
2881  -1.184  39.974  -28.12
2882  -6.424  -58.092 -10.22
2883  -2.383  -54.957 -20.49
2884  -4.392  -56.144 -19.56
2885  -3.203  -55.211 -17.86
2886  -6.417  -58.029 -10.41
2887  -4.645  -56.330 -18.68
2888  -5.501  -57.072 -13.99
2889  -5.845  -57.502 -12.60
2890  -2.500  -55.086 -19.66
2891  -2.546  -55.096 -19.40
2892  -2.585  -55.105 -19.19
2893  -2.631  -55.115 -18.94
2894  -2.652  -55.120 -18.84
2895  -2.693  -55.129 -18.64
2896  -2.738  -55.139 -18.45
2897  -2.807  -55.154 -18.18
2898  -2.937  -55.183 -17.83
2899  -3.006  -55.198 -17.75
2900  -3.134  -55.227 -17.77
2901  -3.168  -55.234 -17.82
2902  -3.207  -55.243 -17.89
2903  -3.248  -55.252 -17.99
2904  -3.289  -55.261 -18.09
2905  -3.327  -55.270 -18.21
2906  -3.893  -55.559 -20.38
2907  -5.552  -57.118 -13.79
2908  -4.121  -55.727 -20.56
2909  -5.204  -56.925 -15.19
2910  8.588 10.376  20.28
2911  7.997 10.838  19.55
2912  12.725  14.714  13.36
2913  10.535  15.150  12.43
2914  12.915  14.562  13.45
2915  -8.166  -57.705 -8.02
2916  -8.306  -57.674 -7.83
2917  -9.688  -55.883 -8.95
2918  -8.969  -57.159 -7.71
2919  -10.937 -55.850 -9.46
2920  -9.375  -56.716 -5.67
2921  -9.421  -56.542 -5.54
2922  -8.169  -57.699 -8.04
2923  -9.621  -55.943 -8.70
2924  36.739  42.756  16.91
2925  32.821  45.104  -5.54
2926  35.845  43.318  12.85
2927  30.765  47.661  -15.51
2928  34.523  43.760  4.36
2929  32.671  45.317  -6.96
2930  30.324  48.259  -15.82
2931  33.016  44.695  -3.68
2932  36.503  42.844  15.97
2933  11.398  -9.900  32.48
2934  11.366  -10.330 32.68
2935  11.414  -9.406  31.99
2936  -1.295  -56.899 -20.10
2937  -1.537  -56.234 -19.40
2938  -1.491  -56.306 -19.46
2939  0.601 25.738  -17.20
2940  -0.587  22.181  -20.58
2941  -0.927  22.941  -21.38
2942  -0.309  21.265  -20.20
2943  -0.980  23.038  -21.35
2944  -0.600  22.264  -20.65
2945  -1.017  23.292  -21.22
2946  -0.303  21.148  -20.09
2947  -0.630  22.288  -20.72
2948  -0.540  22.031  -20.48
2949  -19.691 44.781  -7.31
2950  -0.957  18.198  -13.51
2951  -2.141  -59.241 -14.69
2952  -2.250  -59.013 -15.16
2953  -2.307  -58.559 -15.55
2954  -2.390  -58.264 -15.79
2955  -2.483  -58.244 -15.81
2956  -1.542  -59.827 -12.59
2957  -1.532  -59.890 -12.35
2958  -2.572  -57.899 -15.68
2959  1.110 -69.757 12.77
2960  0.093 -67.433 4.58
2961  0.109 -68.087 7.37
2962  1.326 -72.042 20.42
2963  0.422 -68.942 10.42
2964  0.422 -68.885 10.30
2965  1.655 -72.398 20.43
2966  1.125 -70.534 15.34
2967  1.135 -70.736 16.25
2968  1.212 -70.719 16.04
2969  1.356 -72.021 20.34
2970  1.375 -72.120 20.53
2971  0.087 -67.374 4.40
2972  0.119 -68.157 7.72
2973  0.339 -68.755 10.02
2974  1.066 -69.802 12.98
2975  1.174 -70.009 13.30
2976  1.114 -70.022 13.50
2977  1.043 -70.038 13.71
2978  1.030 -71.231 18.16
2979  0.024 17.727  -10.73
2980  3.695 28.793  -10.94
2981  3.177 18.622  -5.27
2982  -5.374  -74.133 17.82
2983  -5.056  -74.000 18.51
2984  -10.556 -73.974 26.77
2985  -7.077  -75.192 15.29
2986  -7.227  -75.159 15.09
2987  -9.131  -74.441 19.35
2988  -4.703  -73.563 19.96
2989  -6.032  -74.706 15.78
2990  -10.434 -74.014 26.16
2991  -5.771  -74.412 16.65
2992  -7.948  -74.895 14.95
2993  3.698 23.905  -10.87
2994  3.532 25.359  -10.77
2995  3.363 29.275  -10.55
2996  3.704 27.546  -11.12
2997  3.862 22.994  -10.75
2998  3.722 25.982  -10.76
2999  3.726 23.965  -10.84
3000  3.828 23.438  -10.76
3001  3.494 24.795  -10.99
3002  3.283 29.588  -10.70
3003  3.969 22.581  -10.63
3004  3.598 26.945  -11.00
3005  3.478 24.624  -11.04
3006  3.572 25.747  -10.78
3007  3.739 28.051  -11.14
3008  3.582 28.963  -10.84
3009  3.695 27.858  -11.16
3010  3.985 26.559  -10.75
3011  3.890 26.753  -10.84
3012  3.706 27.553  -11.12
3013  3.583 28.818  -10.94
3014  3.500 25.229  -10.84
3015  3.699 27.645  -11.14
3016  3.665 26.107  -10.83
3017  3.879 23.142  -10.71
3018  3.775 23.732  -10.82
3019  3.487 24.630  -11.03
3020  3.707 24.115  -10.83
3021  3.837 23.270  -10.75
3022  3.584 28.803  -10.95
3023  3.426 25.112  -10.98
3024  3.272 29.613  -10.73
3025  3.769 27.326  -11.10
3026  3.617 28.252  -11.15
3027  3.703 25.903  -10.73
3028  3.567 26.804  -10.97
3029  -2.122  26.355  -17.98
3030  -2.561  27.193  -16.03
3031  -2.092  26.335  -18.05
3032  -1.727  -62.743 -5.93
3033  -1.740  -62.719 -5.99
3034  3.469 -60.881 -15.47
3035  3.564 -63.166 -10.19
3036  3.490 -63.150 -10.13
3037  3.489 -63.150 -10.13
3038  3.451 -60.986 -15.19
3039  3.326 -61.632 -13.83
3040  3.416 -63.049 -10.44
3041  -10.757 -73.342 27.15
3042  -10.745 -73.654 26.84
3043  -11.957 -72.922 31.19
3044  -11.983 -72.927 31.33
3045  -27.041 26.590  28.82
3046  57.442  41.760  10.22
3047  57.429  41.781  10.16
3048  57.430  42.697  9.36
3049  57.431  42.716  9.36
3050  54.356  48.433  2.79
3051  55.502  49.052  2.98
3052  56.103  44.435  7.53
3053  56.043  44.681  7.18
3054  59.111  37.908  13.64
3055  6.101 0.206 25.95
3056  10.982  0.978 22.53
3057  5.653 24.340  -7.79
3058  8.728 -1.318  25.28
3059  8.657 -0.987  25.07
3060  9.011 -1.118  24.81
3061  9.888 -2.762  26.20
3062  11.117  -2.793  25.84
3063  11.244  -2.822  25.95
3064  11.324  -2.840  26.02
3065  8.866 -1.123  24.93
3066  3.437 31.656  -13.92
3067  13.335  32.621  -1.55
3068  9.671 31.786  -7.75
3069  6.550 31.406  -12.01
3070  9.393 31.260  -7.72
3071  5.610 31.810  -12.78
3072  5.465 31.778  -12.77
3073  4.959 31.665  -13.16
3074  10.687  32.278  -5.78
3075  9.866 32.088  -7.24
3076  11.385  32.678  -4.45
3077  9.456 30.803  -6.74
3078  -6.513  -52.301 -21.27
3079  -7.007  -52.411 -20.75
3080  -8.187  -52.673 -18.83
3081  -8.196  -52.675 -18.81
3082  -8.206  -52.678 -18.79
3083  -10.915 -53.285 -10.70
3084  -11.015 -53.307 -10.52
3085  -11.436 -53.402 -9.72
3086  -11.942 -53.517 -9.61
3087  -6.898  -52.086 -20.97
3088  -6.585  -52.200 -21.23
3089  -4.856  -52.825 -21.74
3090  -2.099  -52.190 -22.23
3091  -2.140  -52.199 -22.09
3092  -2.186  -52.209 -21.96
3093  -4.202  -52.656 -21.83
3094  -4.724  -52.772 -21.82
3095  -5.148  -52.866 -21.61
3096  -3.495  -52.272 -22.47
3097  -9.642  -52.401 -13.13
3098  -7.784  -52.760 -19.63
3099  -7.803  -52.756 -19.59
3100  -8.043  -52.702 -19.09
3101  -8.068  -52.697 -19.05
3102  -8.099  -52.690 -18.99
3103  -8.150  -52.678 -18.90
3104  -8.160  -52.676 -18.88
3105  -8.172  -52.674 -18.86
3106  -8.180  -52.672 -18.84
3107  -8.187  -52.670 -18.83
3108  -8.207  -52.666 -18.79
3109  -8.325  -52.640 -18.57
3110  -8.378  -52.628 -18.46
3111  -9.653  -52.342 -13.20
3112  -6.576  -52.251 -21.23
3113  -6.961  -52.338 -20.81
3114  -8.272  -52.631 -18.68
3115  -8.341  -52.647 -18.53
3116  -11.090 -53.268 -10.41
3117  -4.226  -52.679 -21.82
3118  -11.416 -53.383 -9.76
3119  -12.270 -53.190 -9.49
3120  -12.277 -53.188 -9.48
3121  -12.303 -53.182 -9.45
3122  -12.310 -53.181 -9.44
3123  -1.935  -52.253 -22.64
3124  -1.976  -52.244 -22.53
3125  -2.013  -52.236 -22.43
3126  -2.218  -52.190 -21.91
3127  -2.271  -52.179 -21.81
3128  -8.928  -52.120 -16.50
3129  -9.656  -52.283 -13.29
3130  -12.586 -52.944 -8.70
3131  -12.666 -52.963 -8.67
3132  -2.342  -52.099 -21.80
3133  -3.558  -52.367 -22.36
3134  -3.663  -52.390 -22.22
3135  -5.437  -52.782 -21.61
3136  -3.113  -51.638 -22.06
3137  -3.191  -51.621 -22.11
3138  -4.680  -52.729 -21.85
3139  -6.408  -52.347 -21.32
3140  -6.441  -52.340 -21.31
3141  -6.484  -52.330 -21.28
3142  -6.949  -52.227 -20.86
3143  -10.052 -52.972 -12.33
3144  -0.218  -72.471 17.92
3145  0.146 -73.193 19.71
3146  0.613 -73.725 22.28
3147  -0.545  -72.322 17.65
3148  -0.484  -72.335 17.68
3149  -0.272  -72.382 17.82
3150  0.039 -73.132 19.39
3151  0.729 -74.039 22.02
3152  1.569 -66.320 -0.09
3153  1.563 -66.331 -0.08
3154  1.180 20.974  -17.47
3155  1.179 20.935  -17.40
3156  1.234 20.553  -16.48
3157  -17.418 24.205  8.64
3158  -14.108 23.431  5.03
3159  -15.651 30.335  -8.13
3160  -15.835 23.213  7.78
3161  -13.922 23.960  3.87
3162  -13.713 24.154  3.13
3163  -11.584 23.344  1.47
3164  -16.712 34.270  -10.57
3165  -17.393 35.044  -10.73
3166  -15.800 33.175  -11.26
3167  -15.947 23.229  7.92
3168  -15.613 29.852  -6.37
3169  -18.106 35.810  -9.90
3170  -16.718 34.325  -10.50
3171  -16.965 23.924  8.79
3172  -18.008 35.565  -9.96
3173  -17.504 24.732  7.82